==========================V3=========================


Cases to investigate:
--------------------------

5, 5, 10, 50
OBS(0, 2, 2)
OBS(1, 2, 3)
net1 (0, 1, 1) (1, 4, 4)

-----------------------------

5, 5, 10, 50
OBS(0, 2, 2)
net1 (0, 1, 1) (0, 3, 3)
net2 (0, 1, 3) (0, 3, 1)

-----------------------------

5, 5, 10, 50
OBS(0, 1, 1)
OBS(0, 1, 2)
OBS(0, 2, 1)
net1 (0, 1, 1) (0, 4, 4)

-----------------------------








======================V1=================================



Sample Input 1: Basic 2-Pin Net

input:
10, 10, 5, 2
net1 (1, 0, 0) (1, 5, 5)

unrevised expected output:
net1 (1, 0, 0) (1, 1, 0) (1, 2, 0) (1, 3, 0) (1, 4, 0) (1, 5, 0) 
      (1, 5, 1) (1, 5, 2) (1, 5, 3) (1, 5, 4) (1, 5, 5)


-------------------------------------------------


Sample Input 2: Multi-Pin Net with Obstacles

input:
10, 10, 5, 3
OBS (1, 2, 2)
OBS (1, 2, 3)
net1 (1, 0, 0) (1, 5, 5) (1, 9, 9)


unrevised expected output:
net1 (1, 0, 0) (1, 1, 0) (1, 2, 0) (1, 3, 0) (1, 3, 1) (1, 3, 2) 
      (1, 4, 2) (1, 5, 2) (1, 5, 3) (1, 5, 4) (1, 5, 5) 
      (1, 6, 5) (1, 7, 5) (1, 8, 5) (1, 9, 5) (1, 9, 6) (1, 9, 7) 
      (1, 9, 8) (1, 9, 9)


-------------------------------------------------


Sample Input 3: Multi-Layer Routing with Via Penalty


input:
10, 10, 10, 4
net1 (0, 0, 0) (1, 5, 5)



unrevised expected output:
net1 (0, 0, 0) (0, 1, 0) (0, 2, 0) (0, 3, 0) (0, 4, 0) (0, 5, 0) 
      (1, 5, 0) (1, 5, 1) (1, 5, 2) (1, 5, 3) (1, 5, 4) (1, 5, 5)


-------------------------------------------------
